Time	Mean	Median	Upper	Lower
2020.1065573770493	45.987217928990134	37.52706424253615	132.51942978065432	10.429028486221146
2020.0650769995034	45.21570912856213	39.05588655996928	114.31644354563699	13.368384615453657
2020.0235966219575	45.1450110590706	40.67768858360974	103.7696115225918	15.732536808587625
2019.9821162444116	46.28084681543379	42.875881287243836	92.66832291619838	20.096187268144845
2019.9406358668657	46.00721501894056	43.4014766996764	85.16806556889136	22.488437272369374
2019.8991554893198	43.86910728780747	41.68597093090399	76.82401723290234	23.16342211596897
2019.857675111774	40.260355700207086	38.265930461018336	70.56141837106699	21.959958549152596
2019.816194734228	36.290697886776194	34.548870396909635	62.15622488951429	20.217168449382843
2019.7747143566821	32.30959789794364	30.66529807552654	56.161178050882654	17.58640263025299
2019.7332339791362	28.479080602359154	27.09581576060533	49.26908574635281	15.242406610017088
2019.6917536015903	25.122452541689693	23.925617306388858	43.85688305402377	13.392280275810744
2019.6502732240444	21.71184700824636	20.636130297108245	38.39545334961405	11.64847443652044
2019.6087928464985	18.441835852517492	17.383615375642307	32.68775650395441	9.595841987153682
2019.5673124689527	15.37744239077086	14.532310435105824	27.353925269765895	7.8376126358506095
2019.5258320914068	12.840393500322119	12.124276730531891	23.789138946161533	6.449166491298863
2019.4843517138609	10.84675689868857	10.240761361095092	19.960359517283848	5.44887124399659
2019.442871336315	9.32209164747434	8.761289991976977	17.134305900100735	4.577028369350235
2019.401390958769	8.137766621879724	7.648011632264749	15.255877855825336	3.9292833551647393
2019.3599105812232	7.251942088641865	6.808738132138452	13.63570896157531	3.401511904329192
2019.3184302036773	6.6310347740835445	6.183438353974006	12.689102587213636	3.02913230928109
2019.2769498261314	6.244406257212453	5.811611654938574	12.337829552752488	2.856810758766469
2019.2354694485855	6.020383565853495	5.550306136868139	12.169432248359339	2.6332929003279175
2019.1939890710396	5.923590128612295	5.4374276900027185	12.214803661426028	2.544311676649725
2019.1525086934937	5.948586463917291	5.455724760680724	12.454178867095496	2.452216321992096
2019.1110283159478	6.146257686437304	5.549591796533038	13.162094366082382	2.494242019028687
2019.069547938402	6.410727178702339	5.813641454156511	13.673547979515211	2.549238632403125
2019.028067560856	6.620781588855078	6.005264890151708	14.098801455267228	2.5989072385337435
2018.9865871833101	6.729817027396318	6.166643573201373	13.913326516239096	2.7237675604195766
2018.9451068057642	6.816784820304954	6.229129543724058	14.139994461643447	2.8451496654958905
2018.9036264282183	6.868530190530198	6.274536039538052	14.216325427385298	2.917670895586939
2018.8621460506724	6.741594396882918	6.152090493614407	13.946683239182056	2.956109113859833
2018.8206656731265	6.654564295601318	6.117977059957849	13.610641415021714	2.9300612899106886
2018.7791852955806	6.554765226085792	6.012957986596643	13.468413124233871	2.900500041300581
2018.7377049180348	6.459159787683515	5.919475294020501	13.446929474015077	2.8384192640686345
2018.6962245404889	6.469848837145305	5.911339233497071	13.50109272360857	2.768132148369728
2018.654744162943	6.61959124437911	6.0250050227660115	14.267621967383072	2.720860479574073
2018.613263785397	6.997553788464261	6.260229681384737	15.83856840258599	2.7110519909883983
2018.5717834078512	7.592160355084155	6.6327726266729945	17.745408249015025	2.7964649328291147
2018.5303030303053	8.39918966545317	7.22402715860119	20.730396089664154	2.9177797051454033
2018.4888226527594	9.299654710484072	7.918479406251825	23.325249789525873	3.0957723300973643
2018.4473422752135	10.228750547808994	8.784229914301505	25.781120897933327	3.251998954502065
2018.4058618976676	11.238247073369967	9.663561507260793	28.081477886269166	3.4678526426035328
2018.3643815201217	12.092385093848746	10.531354673061989	29.53199307893145	3.7522502020024677
2018.3229011425758	12.94013881905562	11.442128117641484	30.566672455572796	4.019300205373774
2018.28142076503	13.946575597136263	12.481332498848234	32.478517883653915	4.353209877704261
2018.239940387484	15.26053738321205	13.773016442283154	34.357208221366825	5.137873123848009
2018.1984600099381	16.677012968320305	15.20761741116008	35.530444612800146	6.151812336460917
2018.1569796323922	18.80427012781884	17.287980854238697	39.32872245115609	7.507368080319493
2018.1154992548463	20.926150669644557	19.273530329554482	42.38956792256918	8.87478395467931
2018.0740188773004	22.496821914005842	21.020537166831836	43.81801967978042	10.182791093934407
2018.0325384997545	23.456809882782565	21.899026147702855	45.029507344253936	11.282157681113231
2017.9910581222086	23.159634354538156	21.68913354921967	43.329306989087975	11.46401646956253
2017.9495777446627	21.891906858918794	20.55982262047421	40.31169960818058	10.941107501062907
2017.9080973671169	19.99233325141676	18.852819272633848	37.148119254451636	9.758835390450928
2017.866616989571	18.047968445770714	16.917774434157774	33.79629325613776	8.682021924837288
2017.825136612025	16.02469800908907	15.012614513752945	30.135676051393887	7.658789909288064
2017.7836562344792	13.9674560141177	13.11267583173273	26.17199208174661	6.647195184367029
2017.7421758569333	12.071408339735365	11.263936955400341	23.31539520760573	5.50581173583777
2017.7006954793874	10.285442016615017	9.54093905078109	20.263334220085017	4.587143600579713
2017.6592151018415	8.623635716091517	7.96801426860938	17.265164258921917	3.7839057848311946
2017.6177347242956	7.263031576977325	6.7162120654516375	14.608322199176522	3.099543583170675
2017.5762543467497	6.08295981131042	5.60830438601405	12.41832940493876	2.6104420012779372
2017.5347739692038	5.162722523651924	4.777266689393133	10.355479642377414	2.2654117760581243
2017.493293591658	4.486343339883861	4.154873779448267	8.925864762166974	1.960006107913777
2017.451813214112	4.1245791793614535	3.7854316065331237	8.534751474950337	1.76217897871049
2017.410332836566	4.0245136492079405	3.5828864781628322	9.10039224541467	1.5887363267741608
2017.3688524590202	4.4205660788469805	3.7959470424530304	10.780023338934921	1.5708881350080657
2017.3273720814743	5.3612039407927625	4.538989017111056	13.595801071226468	1.649279247470202
2017.2858917039284	6.702011942539189	5.882367937074322	16.317844052801625	1.8307352427944321
2017.2444113263825	8.922812205102566	7.990816133554604	20.920743714516977	2.6399170726950953
2017.2029309488366	12.135109795023547	10.872861386417398	26.925712610768613	4.271399705335596
2017.1614505712907	15.483744496094634	14.154453124078865	33.207142530299215	5.812042884398682
2017.1199701937448	17.879979593470555	16.525064059027947	36.595497597139655	7.429766019779691
2017.078489816199	19.024764081503577	17.72437861622202	36.878706166150884	8.51185355451581
2017.037009438653	19.282234153033503	18.04638311545133	36.999296270213975	9.15534868732797
2016.9955290611072	19.11098683161473	17.956324096037868	35.646097412988894	9.173069073844923
2016.9540486835613	18.654899071311803	17.50031844542365	34.66795796454167	9.30236688472098
2016.9125683060154	18.096393291944842	17.026476766917707	33.31197127283815	9.024019101278732
2016.8710879284695	17.388476371969926	16.24905550238626	32.767006454235535	8.81331332862142
2016.8296075509236	16.549484844267198	15.534312731950983	30.786213547190027	8.28972690546716
2016.7881271733777	15.355349188173351	14.303283258423802	29.028808197655497	7.492781379638201
2016.7466467958318	13.856853712312526	12.950108282606925	26.76996349500646	6.65922344189964
2016.705166418286	12.216275625044053	11.353479195515465	23.86856134436125	5.590730054570015
2016.66368604074	10.395067586721014	9.695798357546728	20.250288052054724	4.642409641412302
2016.622205663194	8.675780755583663	7.971858956259347	17.450635365419043	3.819444257102552
2016.5807252856482	7.157442956451747	6.600054449201282	14.74839711260386	3.170200401580175
2016.5392449081023	5.966666452542179	5.5189107126419	12.192519869813427	2.6110376088536986
2016.4977645305564	5.1732221941037375	4.776556047519438	10.3951345592293	2.2309486829826284
2016.4562841530105	4.719620230507891	4.3327256943509935	9.626405135006907	1.9865367763849746
2016.4148037754646	4.683717372113255	4.169446499314201	10.253525854753185	1.8626207880050145
2016.3733233979187	5.209722734968524	4.419918507399719	13.284563544967146	1.8176293505342282
2016.3318430203728	6.142682924004904	5.102633633225541	16.378621539958704	1.828255583022196
2016.290362642827	7.562745650265504	6.297020501427451	20.22130213051903	2.033376332007466
2016.248882265281	9.576448596257336	8.019261416095597	25.763280376116924	2.4240707047635413
2016.2074018877352	12.019976570055302	10.370198015495799	30.315788206087923	3.1087169984666856
2016.1659215101893	14.867407607890037	13.243813450456766	34.8322521279463	4.22171855939332
2016.1244411326434	17.486178968428334	16.119567783600544	37.75019176945474	5.7584559007548135
2016.0829607550975	19.09169277908381	17.80919785434254	37.63480404991949	7.706650518819843
2016.0414803775516	18.979678398166513	17.661780623637686	35.99986068797594	8.934225043278108
2016.0000000000057	17.787352526950205	16.603649077930484	34.76015598219313	8.503274045052
