Time	Mean	Median	Upper	Lower
2020.1065573770493	66.55033428659516	54.43360877107023	189.3749099646681	15.227850624074472
2020.0650769995034	65.72104099323941	56.43515060645306	160.17326744242146	21.156721392935193
2020.0235966219575	64.68922962217312	57.04648802214967	149.4104351265774	24.689059837408514
2019.9821162444116	63.1307051254726	57.063351701739776	133.2322256502994	28.157624444932686
2019.9406358668657	58.64856369210928	53.98659477444573	114.13060863597198	28.02223582663914
2019.8991554893198	52.39139746662403	49.071925754448344	97.71586676415578	26.47342765323636
2019.857675111774	45.89234628861029	43.13735575456456	83.44455752421219	23.396424927394875
2019.816194734228	39.96785444754198	37.81443044584352	71.57652815445385	20.580994608198903
2019.7747143566821	35.03486314614905	33.164471718424934	63.57616877487648	17.821936974918927
2019.7332339791362	30.482963860298312	28.676857093100743	55.74810947474441	15.559992777881144
2019.6917536015903	26.281595189342312	24.82370951898815	47.38058657174438	13.239434344228291
2019.6502732240444	22.31048070873572	21.0148086423375	41.3440995683608	10.89258499688032
2019.6087928464985	18.60547347654713	17.484505966798963	34.817130608164774	9.01384688755817
2019.5673124689527	15.240109621397425	14.229398600602394	28.840220372493132	7.153640181839758
2019.5258320914068	12.349272541471922	11.51355239278552	23.90715575621376	5.66842853302471
2019.4843517138609	10.01632873245708	9.357142858804655	19.475742643138297	4.451546721003864
2019.442871336315	8.349743606818846	7.74870604771742	16.629874185905308	3.6240992463535773
2019.401390958769	7.136577271666891	6.60847924953889	14.260724146179983	3.129254529466978
2019.3599105812232	6.006713242671028	5.577759572728113	12.082441220226853	2.573852694033271
2019.3184302036773	5.211707194910725	4.778443137992188	10.501628149008035	2.2394854563508115
2019.2769498261314	4.728556861894403	4.363760412021258	9.471428442209007	2.0507068273918128
2019.2354694485855	4.63687140528556	4.283331111679967	9.385988458877124	1.9955022236303734
2019.1939890710396	4.525189237041282	4.156155518466543	9.171857194374915	1.9792548320721566
2019.1525086934937	4.559052010146322	4.167972818333544	9.306119490074117	1.9600162386964615
2019.1110283159478	4.901846228354434	4.495265192542889	10.27975262792581	2.101453444523753
2019.069547938402	5.46715960981015	4.971767418430946	11.511837947644542	2.281165401987923
2019.028067560856	6.188631437818564	5.643284507337943	13.002896159598407	2.6590555878181066
2018.9865871833101	6.75985501600635	6.141400832212621	14.129037149720482	2.9246212109013188
2018.9451068057642	7.114368075600397	6.516400870264654	14.992974840920127	3.0367012348268045
2018.9036264282183	7.412865674928231	6.723404813434499	15.70059150149751	3.188248431386293
2018.8621460506724	7.686887294367345	6.983151519570894	15.93658900970063	3.2856203004206517
2018.8206656731265	7.798236583983586	7.074618356202276	16.75466090984529	3.335350273705894
2018.7791852955806	7.839241268943171	7.0744742430224	16.721787398470102	3.3148774865650976
2018.7377049180348	7.816709675033676	7.08264411104611	17.010261188387283	3.223735553951423
2018.6962245404889	7.863582514288367	7.141049195979428	16.86854461537147	3.2916635569453248
2018.654744162943	7.900378439040534	7.173769381470839	16.964480882804523	3.191261050910237
2018.613263785397	8.105210114594176	7.3169142345799605	17.571237051047	3.1873936015031656
2018.5717834078512	8.521135076199256	7.632017947793858	18.830706853181802	3.2689922121411175
2018.5303030303053	8.989168785254991	8.003134524770747	20.42767957124977	3.4211755990938153
2018.4888226527594	9.482267722738731	8.43187668782649	21.58639784837874	3.569878743187669
2018.4473422752135	10.048759677707064	8.960349761368152	22.71959325567085	3.7125881365612723
2018.4058618976676	10.689122000497846	9.614597041207167	23.78417375491065	3.9479789296064607
2018.3643815201217	11.382521499651252	10.213279541489587	24.77578137957063	4.458345378621541
2018.3229011425758	11.775193620686267	10.625913966526358	25.268766659666863	4.712538458705318
2018.28142076503	11.855465483895028	10.729709606417607	24.707939489692457	4.9275193730999005
2018.239940387484	12.059348760359915	11.046551695786409	24.482358413585835	5.190471090383333
2018.1984600099381	12.77202346814627	11.775555072890192	25.479235849849402	5.6968553677841935
2018.1569796323922	14.731375126749754	13.730083276892994	28.26739692561123	6.980272290552854
2018.1154992548463	17.668623874866466	16.506838537579835	33.25473418221831	8.846844903751045
2018.0740188773004	20.13959710635327	18.79027520266684	38.17813506607097	10.138073143588384
2018.0325384997545	22.57116499544827	21.140687357086176	41.99957854126777	11.350196224791384
2017.9910581222086	23.741142973767243	22.1320937800122	44.91748195297248	11.908714381784355
2017.9495777446627	23.352758059125225	21.77868181601672	44.468629585538544	11.406157599972538
2017.9080973671169	22.253163339140652	20.612936670266667	43.01957275612755	10.644392313126705
2017.866616989571	20.652835967647007	19.216654569334967	39.603585133537855	9.944068696187182
2017.825136612025	18.989246501575224	17.602980525380374	36.73603505278439	8.789520096385843
2017.7836562344792	16.68858638934886	15.473111691445022	33.01532187458976	7.658208394648976
2017.7421758569333	14.216858340765453	13.137004940365088	28.413938867740494	6.505277319207392
2017.7006954793874	11.82167397589893	10.899852690864613	23.634147521249844	5.210610637144494
2017.6592151018415	9.688213605596257	8.908328696495255	19.31034969635763	4.255707704034874
2017.6177347242956	7.743800854876636	7.168768960242382	15.71163153394824	3.2885447571355257
2017.5762543467497	6.156819095895226	5.684082889890762	12.470413252531328	2.6216647437818508
2017.5347739692038	4.967285608931204	4.598388106174051	9.961678112251786	2.1050508630857987
2017.493293591658	4.23208620115575	3.9094972109559203	8.492706239401636	1.8269768914489446
2017.451813214112	3.8829204928082506	3.596185082676427	7.960525435254757	1.622593562413154
2017.410332836566	4.018595494089474	3.6991811375168573	8.268035597790496	1.658034004361258
2017.3688524590202	4.529651613123803	4.17872214887624	9.328609593823117	1.8928926413751952
2017.3273720814743	5.338627422393966	4.931917320091679	10.781741984942819	2.255047142280951
2017.2858917039284	6.593665832787723	6.081814167081981	13.04767850288539	2.9497882037649656
2017.2444113263825	8.474083882452748	7.89042071046933	16.283508258310913	3.9933155440638335
2017.2029309488366	10.875960853442818	10.104408206672218	21.227422679874877	5.262147190679982
2017.1614505712907	14.26642370314078	13.306715662253248	26.982406913257485	7.074460979928612
2017.1199701937448	16.959150405376363	15.876605292687987	32.112322880811924	8.527835364355006
2017.078489816199	18.074946410961388	16.823585121336148	34.373505237960785	8.928172215045342
2017.037009438653	18.227623288174062	16.853104569672702	34.83335160315978	8.887520179323673
2016.9955290611072	17.935199684224592	16.662623658757415	34.45386422755543	8.739805760558296
2016.9540486835613	17.016446120265734	15.735187393023354	32.9297141794598	8.146342466133069
2016.9125683060154	16.010208142474216	15.00879676532977	30.470022537821833	7.763543944090012
2016.8710879284695	15.175046030648046	14.227033258281335	28.799847811235885	7.386930187241538
2016.8296075509236	14.49890076272229	13.581903920312094	27.13996344917969	6.939802468792236
2016.7881271733777	13.852477340321288	12.879506829298158	26.87380758466448	6.513915634906168
2016.7466467958318	13.075631594437285	12.092893137875896	25.698344701124274	6.066165822604187
2016.705166418286	12.032179581235681	11.056684928785238	24.42699927355054	5.40705384323355
2016.66368604074	10.592787842111074	9.762150469447938	21.61577239938714	4.504776331204561
2016.622205663194	9.220528236040563	8.468381180306606	18.737632482455716	3.929635038427149
2016.5807252856482	8.089579517067053	7.410011636799622	16.92584387006227	3.303062216994051
2016.5392449081023	7.300840446627472	6.74213892348692	14.994773145654936	2.9806768361052933
2016.4977645305564	6.899526966283508	6.280020505624645	14.43237298500198	2.7540292795396506
2016.4562841530105	6.789282185643562	6.170781266296897	14.341217074926309	2.6636687666979175
2016.4148037754646	6.875824484007921	6.204418844281857	14.79908200858823	2.5657027398629793
2016.3733233979187	7.453331587237007	6.662004173996192	16.75582563924745	2.7014914686068425
2016.3318430203728	8.544556966693781	7.695660589094619	19.420361975229596	3.1867359023395623
2016.290362642827	10.008460375102162	9.069017822175896	22.119726425548386	3.8395358682809544
2016.248882265281	12.363683265877887	11.188778861910405	26.574877351477568	5.08992125024224
2016.2074018877352	15.087795724820296	13.731493824635024	31.36762771405673	6.429678553628445
2016.1659215101893	18.270287394606285	16.71121204241753	37.294948525231845	8.130089822604743
2016.1244411326434	20.490840153425914	18.79420648099676	41.57659108203865	9.2727191489604
2016.0829607550975	22.179026399548405	20.425713624594337	44.80723212479151	10.079715421396113
2016.0414803775516	22.2569264959379	20.46080811684626	45.731390053598396	9.993428461804355
2016.0000000000057	20.502547907484093	18.673302620884538	42.215534054397295	8.998489261874983
